# name: debug
# type: sparse matrix
# nnz: 324
# rows: 18
# columns: 18

1 1 16381905.7
2 1 -545890.292
3 1 608769.129
4 1 -15690.4133
5 1 -1710282.01
6 1 942688.242
7 1 -12458.8764
8 1 1618.40342
9 1 -1158.81411
10 1 79293.1354
11 1 1891237.45
12 1 -622973.891
13 1 -16642.3427
14 1 1403.14203
15 1 -4297.8259
16 1 -762.778555
17 1 -11874.7238
18 1 7644.25536
1 2 -545890.292
2 2 20379484.6
3 2 -958836.376
4 2 2247603.63
5 2 1561.74975
6 2 -5874590.91
7 2 1719.69267
8 2 -20508.3299
9 2 3158.63714
10 2 -2046960.47
11 2 -6177.16228
12 2 1683181.96
13 2 541.415727
14 2 -27663.6616
15 2 2824.92932
16 2 10493.1008
17 2 -1717.40972
18 2 -3009.56838
1 3 608769.129
2 3 -958836.376
3 3 17608071.9
4 3 -1036678.39
5 3 4794302.48
6 3 14128.6636
7 3 -2342.09891
8 3 3313.38635
9 3 -13614.2893
10 3 677945.681
11 3 -1420276.24
12 3 -136877.798
13 3 2539.49088
14 3 1906.89496
15 3 -13516.7415
16 3 -5197.86368
17 3 3580.83519
18 3 -702.846069
1 4 -15690.4133
2 4 2247603.63
3 4 -1036678.39
4 4 115411932
5 4 -21963553.5
6 4 -69979765.9
7 4 -193.047032
8 4 70.1150571
9 4 -818.676816
10 4 -99485942.8
11 4 21871186.6
12 4 74800004.4
13 4 -518.78287
14 4 9682.37635
15 4 -4595.678
16 4 -37581.6089
17 4 16036.356
18 4 19926.5286
1 5 -1710282.01
2 5 1561.74975
3 5 4794302.48
4 5 -21963553.5
5 5 139731413
6 5 -29481875.2
7 5 -651.685379
8 5 20.0472996
9 5 -5560.22011
10 5 18617975.7
11 5 -128090913
12 5 22580382.7
13 5 -7959.94425
14 5 1085.09129
15 5 -383.168799
16 5 13421.4367
17 5 -59417.9045
18 5 13289.9168
1 6 942688.242
2 6 -5874590.91
3 6 14128.6636
4 6 -69979765.9
5 6 -29481875.2
6 6 75381560.6
7 6 -37.3281104
8 6 9107.13591
9 6 172.54022
10 6 67802454.8
11 6 29802896.9
12 6 -64175460.6
13 6 5876.23318
14 6 -400.108446
15 6 1887.13323
16 6 26710.9379
17 6 344.853535
18 6 -59192.9125
1 7 -12458.8764
2 7 1719.69267
3 7 -2342.09891
4 7 -193.047032
5 7 -651.685379
6 7 -37.3281104
7 7 15036312.6
8 7 -391021.523
9 7 449961.451
10 7 38857.7145
11 7 -213761.485
12 7 93085.9866
13 7 -5887.72011
14 7 -1222.5937
15 7 -1117.22911
16 7 -4970.66953
17 7 -3826.37156
18 7 -9797.14405
1 8 1618.40342
2 8 -20508.3299
3 8 3313.38635
4 8 70.1150571
5 8 20.0472996
6 8 9107.13591
7 8 -391021.523
8 8 17985275.2
9 8 -858388.91
10 8 410283.563
11 8 -577.954911
12 8 -3173469.25
13 8 -2522.33728
14 8 -13815.0403
15 8 251.770799
16 8 -1652.63591
17 8 8902.20665
18 8 -27355.3254
1 9 -1158.81411
2 9 3158.63714
3 9 -13614.2893
4 9 -818.676816
5 9 -5560.22011
6 9 172.54022
7 9 449961.451
8 9 -858388.91
9 9 16073594.8
10 9 -149919.156
11 9 2394423.09
12 9 -38259.7388
13 9 1182.57618
14 9 1511.919
15 9 -10461.1462
16 9 14473.9661
17 9 21611.8541
18 9 1833.65165
1 10 79293.1354
2 10 -2046960.47
3 10 677945.681
4 10 -99485942.8
5 10 18617975.7
6 10 67802454.8
7 10 38857.7145
8 10 410283.563
9 10 -149919.156
10 10 125176947
11 10 5244404.52
12 10 -95263215.4
13 10 4412.3568
14 10 4066.95418
15 10 7827.71435
16 10 -33384.3657
17 10 -58539.8067
18 10 45361.2989
1 11 1891237.45
2 11 -6177.16228
3 11 -1420276.24
4 11 21871186.6
5 11 -128090913
6 11 29802896.9
7 11 -213761.485
8 11 -577.954911
9 11 2394423.09
10 11 5244404.52
11 11 115513876
12 11 6059353.97
13 11 1798.67601
14 11 -5263.69971
15 11 18557.4774
16 11 -89647.5932
17 11 -140045.981
18 11 -27052.7583
1 12 -622973.891
2 12 1683181.96
3 12 -136877.798
4 12 74800004.4
5 12 22580382.7
6 12 -64175460.6
7 12 93085.9866
8 12 -3173469.25
9 12 -38259.7388
10 12 -95263215.4
11 12 6059353.97
12 12 -7254116.09
13 12 -12493.984
14 12 -16884.6923
15 12 -3254.93809
16 12 -10585.5812
17 12 43573.6675
18 12 -196079.124
1 13 -16642.3427
2 13 541.415727
3 13 2539.49088
4 13 -518.78287
5 13 -7959.94425
6 13 5876.23318
7 13 -5887.72011
8 13 -2522.33728
9 13 1182.57618
10 13 4412.3568
11 13 1798.67601
12 13 -12493.984
13 13 14589959
14 13 40193.027
15 13 184768.718
16 13 105578.283
17 13 -22651.2993
18 13 384015.33
1 14 1403.14203
2 14 -27663.6616
3 14 1906.89496
4 14 9682.37635
5 14 1085.09129
6 14 -400.108446
7 14 -1222.5937
8 14 -13815.0403
9 14 1511.919
10 14 4066.95418
11 14 -5263.69971
12 14 -16884.6923
13 14 40193.027
14 14 17779542.8
15 14 -534340.567
16 14 396316.841
17 14 -138.432003
18 14 -2711125.37
1 15 -4297.8259
2 15 2824.92932
3 15 -13516.7415
4 15 -4595.678
5 15 -383.168799
6 15 1887.13323
7 15 -1117.22911
8 15 251.770799
9 15 -10461.1462
10 15 7827.71435
11 15 18557.4774
12 15 -3254.93809
13 15 184768.718
14 15 -534340.567
15 15 15623386.8
16 15 -776908.543
17 15 2289573.94
18 15 -105439.851
1 16 -762.778555
2 16 10493.1008
3 16 -5197.86368
4 16 -37581.6089
5 16 13421.4367
6 16 26710.9379
7 16 -4970.66953
8 16 -1652.63591
9 16 14473.9661
10 16 -33384.3657
11 16 -89647.5932
12 16 -10585.5812
13 16 105578.283
14 16 396316.841
15 16 -776908.543
16 16 15055344.8
17 16 -258526.743
18 16 88828.9975
1 17 -11874.7238
2 17 -1717.40972
3 17 3580.83519
4 17 16036.356
5 17 -59417.9045
6 17 344.853535
7 17 -3826.37156
8 17 8902.20665
9 17 21611.8541
10 17 -58539.8067
11 17 -140045.981
12 17 43573.6675
13 17 -22651.2993
14 17 -138.432003
15 17 2289573.94
16 17 -258526.743
17 17 16520266.6
18 17 -462684.666
1 18 7644.25536
2 18 -3009.56838
3 18 -702.846069
4 18 19926.5286
5 18 13289.9168
6 18 -59192.9125
7 18 -9797.14405
8 18 -27355.3254
9 18 1833.65165
10 18 45361.2989
11 18 -27052.7583
12 18 -196079.124
13 18 384015.33
14 18 -2711125.37
15 18 -105439.851
16 18 88828.9975
17 18 -462684.666
18 18 15614290.5
